0	2.02457e-07	-2.02457e-07	2.02822e-09	1	1.00001	1
0.01	2.57329e-06	0.00237383	6.20828e-08	1	1.00005	1.00099
0.02	1.18028e-05	-0.00221785	4.64833e-07	1	1.00017	1.00394
0.03	3.50852e-05	-0.0031719	1.93102e-06	0.999998	1.00041	1.00886
0.04	8.17637e-05	-0.00301275	5.80335e-06	0.999994	1.0008	1.01571
0.05	0.0001629	-0.000320695	1.42053e-05	0.999986	1.00137	1.02447
0.06	0.000290785	0.00622608	3.01694e-05	0.99997	1.00216	1.03511
0.07	0.000478424	0.0132298	5.77322e-05	0.999942	1.0032	1.04759
0.08	0.000739004	0.0169575	0.000101994	0.999898	1.00452	1.06185
0.09	0.00108537	0.00291748	0.00016914	0.999831	1.00616	1.07784
0.1	0.00152957	0.0124741	0.000266426	0.999734	1.00813	1.09549
0.11	0.00208238	0.0359557	0.000402123	0.999598	1.01047	1.11474
0.12	0.00275295	0.0186718	0.000585424	0.999415	1.01319	1.13552
0.13	0.00354851	-0.00190126	0.00082632	0.999174	1.01633	1.15773
0.14	0.00447414	0.00708561	0.00113544	0.998865	1.0199	1.18129
0.15	0.00553262	0.0349359	0.00152385	0.998477	1.02393	1.20611
0.16	0.00672434	-0.00206452	0.00200285	0.997999	1.02844	1.23209
0.17	0.00804731	-0.0104927	0.00258374	0.99742	1.03343	1.25912
0.18	0.00949724	-0.01232	0.00327758	0.996728	1.03893	1.28711
0.19	0.0110676	-0.0188704	0.00409489	0.995913	1.04494	1.31594
0.2	0.0127499	-0.0203679	0.00504545	0.994967	1.05149	1.34549
0.21	0.0145336	-0.0191372	0.00613801	0.993881	1.05858	1.37566
0.22	0.0164068	0.00841512	0.00738007	0.992647	1.06622	1.40631
0.23	0.0183561	0.00384339	0.00877767	0.991261	1.07441	1.43733
0.24	0.0203672	-0.0150218	0.0103352	0.989718	1.08316	1.4686
0.25	0.0224246	0.00600243	0.012055	0.988017	1.09247	1.5
0.26	0.0245127	0.0110983	0.0139379	0.986159	1.10234	1.5314
0.27	0.0266154	-0.00581807	0.0159822	0.984145	1.11277	1.56267
0.28	0.0287166	-0.0200899	0.0181844	0.98198	1.12374	1.59369
0.29	0.0308004	-0.0315339	0.0205388	0.979671	1.13527	1.62434
0.3	0.0328516	-0.0424216	0.0230375	0.977226	1.14732	1.65451
0.31	0.0348554	-0.0445306	0.0256709	0.974656	1.15989	1.68406
0.32	0.036798	-0.0463534	0.0284271	0.971973	1.17297	1.71289
0.33	0.0386664	-0.0440518	0.0312929	0.969192	1.18653	1.74088
0.34	0.040449	-0.0468824	0.0342533	0.966327	1.20056	1.76791
0.35	0.0421353	-0.0431378	0.037292	0.963395	1.21502	1.79389
0.36	0.043716	-0.00894306	0.0403916	0.960413	1.22989	1.81871
0.37	0.0451835	-0.0225084	0.0435341	0.9574	1.24513	1.84227
0.38	0.0465313	-0.0383467	0.0467006	0.954373	1.26072	1.86448
0.39	0.0477546	-0.0443669	0.0498722	0.951351	1.27661	1.88526
0.4	0.0488498	-0.0585142	0.0530299	0.948352	1.29277	1.90451
0.41	0.0498149	-0.051242	0.0561549	0.945393	1.30914	1.92216
0.42	0.0506491	-0.0603585	0.0592291	0.942491	1.32569	1.93815
0.43	0.0513531	-0.0613488	0.062235	0.939662	1.34236	1.95241
0.44	0.0519287	-0.0386843	0.0651563	0.936921	1.3591	1.96489
0.45	0.0523789	-0.0437472	0.0679777	0.934281	1.37585	1.97553
0.46	0.0527079	-0.060889	0.0706855	0.931755	1.39257	1.98429
0.47	0.0529209	-0.0515763	0.0732675	0.929352	1.40918	1.99114
0.48	0.0530239	-0.0588491	0.075713	0.927082	1.42563	1.99606
0.49	0.0530239	-0.0612996	0.0780134	0.924952	1.44185	1.99901
0.5	0.0529285	-0.0571929	0.0801615	0.922967	1.4578	2
0.51	0.0527461	-0.0413521	0.0821523	0.921132	1.47339	1.99901
0.52	0.0524854	-0.0143495	0.0839826	0.919447	1.48858	1.99606
0.53	0.0521559	-0.0160058	0.0856508	0.917915	1.5033	1.99114
0.54	0.0517671	-0.0600787	0.0871574	0.916533	1.51748	1.98429
0.55	0.0513292	-0.0432421	0.0885044	0.915299	1.53108	1.97553
0.56	0.0508522	-0.0366739	0.0896956	0.914209	1.54403	1.96489
0.57	0.0503465	-0.0536412	0.0907361	0.913259	1.55628	1.95241
0.58	0.0498224	-0.0247636	0.0916327	0.91244	1.56779	1.93815
0.59	0.0492903	-0.0148656	0.0923932	0.911747	1.57849	1.92216
0.6	0.0487604	-0.0113478	0.0930266	0.911169	1.58836	1.90451
0.61	0.0482428	-0.0447035	0.0935431	0.910699	1.59734	1.88526
0.62	0.0477473	-0.056844	0.0939534	0.910325	1.60542	1.86448
0.63	0.0472834	-0.030724	0.0942691	0.910038	1.61255	1.84227
0.64	0.0468604	-0.051118	0.0945021	0.909826	1.61871	1.81871
0.65	0.046487	-0.0562428	0.094665	0.909678	1.62388	1.79389
0.66	0.0461714	-0.0471912	0.0947703	0.909582	1.62806	1.76791
0.67	0.0459214	-0.0386518	0.0948308	0.909527	1.63123	1.74088
0.68	0.0457441	-0.0499445	0.094859	0.909501	1.63339	1.71289
0.69	0.0456457	-0.0556384	0.0948673	0.909494	1.63454	1.68406
0.7	0.0456319	-0.0544331	0.0948679	0.909493	1.6347	1.65451
0.71	0.0457074	-0.0476509	0.0948724	0.909489	1.63387	1.62434
0.72	0.045876	-0.0552274	0.0948919	0.909471	1.63208	1.59369
0.73	0.0461405	-0.0553711	0.0949367	0.90943	1.62935	1.56267
0.74	0.0465025	-0.0564973	0.0950165	0.909358	1.6257	1.5314
0.75	0.0469625	-0.0561631	0.0951401	0.909246	1.62118	1.5
0.76	0.0475198	-0.0538222	0.0953154	0.909086	1.61582	1.4686
0.77	0.0481721	-0.018881	0.0955491	0.908874	1.60966	1.43733
0.78	0.0489161	-0.0343732	0.0958472	0.908603	1.60275	1.40631
0.79	0.0497468	-0.0594015	0.0962142	0.908269	1.59512	1.37566
0.8	0.0506576	-0.0355469	0.0966538	0.90787	1.58683	1.34549
0.81	0.0516405	-0.0596908	0.0971682	0.907403	1.57794	1.31594
0.82	0.0526861	-0.0393523	0.0977588	0.906868	1.5685	1.28711
0.83	0.0537834	-0.0394862	0.0984255	0.906263	1.55855	1.25912
0.84	0.0549198	-0.0630049	0.099167	0.905591	1.54816	1.23209
0.85	0.0560818	-0.0627437	0.099981	0.904855	1.53739	1.20611
0.86	0.0572544	-0.0483663	0.100864	0.904056	1.52628	1.18129
0.87	0.0584218	-0.06055	0.101811	0.9032	1.51491	1.15773
0.88	0.0595676	-0.0484338	0.102817	0.902292	1.50331	1.13552
0.89	0.0606749	-0.0457035	0.103875	0.901338	1.49156	1.11474
0.9	0.0617269	-0.0528565	0.104978	0.900344	1.4797	1.09549
0.91	0.062707	-0.069284	0.106117	0.89932	1.46779	1.07784
0.92	0.0635997	-0.0675207	0.107283	0.898271	1.45588	1.06185
0.93	0.0643905	-0.0713667	0.108467	0.897208	1.44403	1.04759
0.94	0.0650668	-0.053905	0.109659	0.896139	1.43228	1.03511
0.95	0.0656178	-0.0535219	0.110849	0.895074	1.42068	1.02447
0.96	0.0660358	-0.0394681	0.112027	0.89402	1.40928	1.01571
0.97	0.0663153	-0.0762857	0.113183	0.892987	1.39812	1.00886
0.98	0.0664545	-0.0649952	0.114306	0.891985	1.38725	1.00394
0.99	0.0664544	-0.0741385	0.115388	0.89102	1.3767	1.00099
1	0.0663197	-0.0488601	0.116419	0.890102	1.36652	1
1.01	0.0660583	-0.0215367	0.117392	0.889236	1.35674	1.00099
1.02	0.0656809	-0.054349	0.1183	0.88843	1.34738	1.00394
1.03	0.0652014	-0.0615871	0.119136	0.887687	1.3385	1.00886
1.04	0.0646359	-0.0598478	0.119896	0.887013	1.33011	1.01571
1.05	0.0640027	-0.0717158	0.120576	0.88641	1.32225	1.02447
1.06	0.0633213	-0.0724075	0.121175	0.885879	1.31493	1.03511
1.07	0.0626123	-0.0676694	0.121691	0.885422	1.30819	1.04759
1.08	0.0618966	-0.0711227	0.122127	0.885036	1.30205	1.06185
1.09	0.0611949	-0.0565505	0.122484	0.88472	1.29652	1.07784
1.1	0.0605272	-0.0690263	0.122768	0.884469	1.29163	1.09549
1.11	0.0599123	-0.0696664	0.122983	0.884278	1.28739	1.11474
1.12	0.0593673	-0.0260473	0.123138	0.884142	1.28381	1.13552
1.13	0.0589074	-0.0678087	0.123241	0.884051	1.28092	1.15773
1.14	0.0585455	-0.0671882	0.123301	0.883998	1.27871	1.18129
1.15	0.0582923	-0.0578795	0.123329	0.883973	1.27721	1.20611
1.16	0.0581558	-0.0655809	0.123337	0.883966	1.27641	1.23209
1.17	0.0581412	-0.0504486	0.123338	0.883965	1.27633	1.25912
1.18	0.0582515	-0.0635139	0.123343	0.88396	1.27696	1.28711
1.19	0.0584869	-0.0656225	0.123366	0.88394	1.27832	1.31594
1.2	0.0588455	-0.0673393	0.12342	0.883892	1.2804	1.34549
1.21	0.0593231	-0.0620065	0.123516	0.883808	1.2832	1.37566
1.22	0.0599134	-0.0621146	0.123666	0.883675	1.28671	1.40631
1.23	0.0606084	-0.0612331	0.123881	0.883485	1.29095	1.43733
1.24	0.0613986	-0.069288	0.124171	0.883229	1.29589	1.4686
1.25	0.0622733	-0.071688	0.124544	0.8829	1.30152	1.5
1.26	0.0632208	-0.0698884	0.125007	0.882491	1.30785	1.5314
1.27	0.0642285	-0.0670692	0.125565	0.881999	1.31485	1.56267
1.28	0.0652834	-0.0740192	0.126222	0.881419	1.32251	1.59369
1.29	0.0663724	-0.0761829	0.12698	0.880751	1.33081	1.62434
1.3	0.0674823	-0.0750832	0.12784	0.879995	1.33973	1.65451
1.31	0.0686	-0.0781107	0.128798	0.879151	1.34925	1.68406
1.32	0.0697129	-0.0707971	0.129853	0.878225	1.35935	1.71289
1.33	0.070809	-0.0807714	0.130998	0.87722	1.36999	1.74088
1.34	0.0718769	-0.0785517	0.132227	0.876142	1.38114	1.76791
1.35	0.0729062	-0.0822141	0.133532	0.874999	1.39278	1.79389
1.36	0.0738873	-0.0838833	0.134904	0.8738	1.40486	1.81871
1.37	0.0748119	0.0230007	0.136332	0.872553	1.41735	1.84227
1.38	0.0756724	-0.0838911	0.137804	0.871269	1.4302	1.86448
1.39	0.0764628	-0.0751213	0.139309	0.869959	1.44337	1.88526
1.4	0.077178	-0.074929	0.140835	0.868633	1.4568	1.90451
1.41	0.0778142	-0.0850986	0.142368	0.867302	1.47047	1.92216
1.42	0.0783686	-0.0783791	0.143897	0.865977	1.4843	1.93815
1.43	0.0788399	-0.0888393	0.145408	0.864669	1.49824	1.95241
1.44	0.0792276	-0.0881193	0.146891	0.863388	1.51224	1.96489
1.45	0.0795325	-0.0808151	0.148333	0.862144	1.52624	1.97553
1.46	0.0797562	-0.0464077	0.149724	0.860945	1.54019	1.98429
1.47	0.0799014	-0.0885398	0.151056	0.8598	1.55401	1.99114
1.48	0.0799719	-0.0891189	0.152318	0.858715	1.56764	1.99606
1.49	0.0799718	-0.0864787	0.153505	0.857696	1.58103	1.99901
1.5	0.0799066	-0.0844453	0.15461	0.856749	1.59412	2
1.51	0.0797819	-0.0890613	0.155629	0.855876	1.60683	1.99901
1.52	0.0796042	-0.0807724	0.156558	0.855082	1.61912	1.99606
1.53	0.0793805	-0.0893533	0.157396	0.854365	1.63091	1.99114
1.54	0.0791181	-0.0647957	0.158142	0.853729	1.64215	1.98429
1.55	0.0788249	-0.0391188	0.158797	0.85317	1.65279	1.97553
1.56	0.0785088	-0.081659	0.159362	0.852687	1.66277	1.96489
1.57	0.0781782	-0.0824904	0.159842	0.852279	1.67204	1.95241
1.58	0.0778415	-0.0649003	0.16024	0.851939	1.68055	1.93815
1.59	0.0775071	-0.0833915	0.160563	0.851664	1.68826	1.92216
1.6	0.0771836	-0.0840931	0.160816	0.851449	1.69514	1.90451
1.61	0.0768794	-0.0829212	0.161007	0.851286	1.70114	1.88526
1.62	0.0766028	-0.0825472	0.161143	0.85117	1.70625	1.86448
1.63	0.0763619	-0.0649206	0.161234	0.851093	1.71042	1.84227
1.64	0.0761646	-0.0470978	0.161288	0.851047	1.71365	1.81871
1.65	0.0760184	-0.081355	0.161315	0.851024	1.71592	1.79389
1.66	0.0759304	-0.0836583	0.161324	0.851016	1.71722	1.76791
1.67	0.0759072	-0.081759	0.161325	0.851016	1.71754	1.74088
1.68	0.0759551	-0.0762704	0.161327	0.851013	1.7169	1.71289
1.69	0.0760794	-0.0860243	0.161341	0.851002	1.71529	1.68406
1.7	0.0762849	-0.0607268	0.161375	0.850973	1.71273	1.65451
1.71	0.0765756	-0.0851816	0.161438	0.850919	1.70924	1.62434
1.72	0.0769547	-0.0659836	0.161539	0.850833	1.70484	1.59369
1.73	0.0774244	-0.0828017	0.161686	0.850708	1.69956	1.56267
1.74	0.0779856	-0.08658	0.161885	0.850539	1.69342	1.5314
1.75	0.0786386	-0.0828465	0.162144	0.850318	1.68647	1.5
1.76	0.079382	-0.0862093	0.162469	0.850043	1.67874	1.4686
1.77	0.0802135	-0.0877685	0.162863	0.849708	1.67027	1.43733
1.78	0.0811291	-0.0758119	0.163331	0.84931	1.66112	1.40631
1.79	0.0821236	-0.0733566	0.163877	0.848847	1.65132	1.37566
1.8	0.0831902	-0.0925339	0.164501	0.848317	1.64093	1.34549
1.81	0.0843209	-0.0915763	0.165205	0.84772	1.63001	1.31594
1.82	0.0855059	-0.0933799	0.165988	0.847056	1.61859	1.28711
1.83	0.086734	-0.0947704	0.16685	0.846326	1.60675	1.25912
1.84	0.0879928	-0.0957398	0.167788	0.845533	1.59453	1.23209
1.85	0.0892684	-0.0972364	0.168799	0.844679	1.582	1.20611
1.86	0.090546	-0.0995289	0.169878	0.843768	1.56919	1.18129
1.87	0.0918098	-0.0766578	0.171019	0.842805	1.55619	1.15773
1.88	0.0930432	-0.0989197	0.172217	0.841796	1.54303	1.13552
1.89	0.0942296	-0.0970292	0.173464	0.840748	1.52977	1.11474
1.9	0.095352	-0.101535	0.174751	0.839666	1.51647	1.09549
1.91	0.0963942	-0.0964843	0.176071	0.838558	1.50318	1.07784
1.92	0.0973405	-0.105273	0.177413	0.837433	1.48995	1.06185
1.93	0.0981767	-0.107383	0.178769	0.836299	1.47683	1.04759
1.94	0.0988902	-0.0981695	0.180126	0.835165	1.46387	1.03511
1.95	0.0994707	-0.10927	0.181476	0.834038	1.45112	1.02447
1.96	0.0999104	-0.106682	0.182808	0.832928	1.43862	1.01571
1.97	0.100204	-0.110016	0.18411	0.831844	1.4264	1.00886
1.98	0.10035	-0.0931837	0.185375	0.830793	1.41452	1.00394
1.99	0.10035	-0.104319	0.18659	0.829783	1.40302	1.00099
2	0.100209	-0.107004	0.187749	0.828823	1.39192	1
2.01	0.0999343	-0.0746536	0.188842	0.827917	1.38126	1.00099
2.02	0.0995376	-0.0822622	0.189863	0.827072	1.37108	1.00394
2.03	0.0990331	-0.108632	0.190805	0.826294	1.36141	1.00886
2.04	0.0984371	-0.104449	0.191663	0.825585	1.35227	1.01571
2.05	0.0977683	-0.0889674	0.192435	0.824948	1.34368	1.02447
2.06	0.0970466	-0.0977317	0.193117	0.824385	1.33569	1.03511
2.07	0.0962929	-0.0887561	0.19371	0.823897	1.3283	1.04759
2.08	0.0955286	-0.102957	0.194215	0.823481	1.32154	1.06185
2.09	0.0947747	-0.10148	0.194633	0.823136	1.31542	1.07784
2.1	0.0940516	-0.079822	0.194971	0.822859	1.30997	1.09549
2.11	0.0933784	-0.101553	0.195233	0.822643	1.3052	1.11474
2.12	0.0927728	-0.102418	0.195426	0.822484	1.30112	1.13552
2.13	0.0922504	-0.00581331	0.19556	0.822374	1.29774	1.15773
2.14	0.0918244	-0.101493	0.195644	0.822305	1.29507	1.18129
2.15	0.0915058	-0.100011	0.195689	0.822268	1.29313	1.20611
2.16	0.091303	-0.0959132	0.195707	0.822253	1.29192	1.23209
2.17	0.0912218	-0.0997352	0.19571	0.82225	1.29144	1.25912
2.18	0.0912652	-0.0978543	0.195712	0.822249	1.2917	1.28711
2.19	0.0914342	-0.0972475	0.195724	0.822239	1.29269	1.31594
2.2	0.0917268	-0.101057	0.19576	0.822209	1.29443	1.34549
2.21	0.0921392	-0.101255	0.195833	0.82215	1.2969	1.37566
2.22	0.0926656	-0.10073	0.195954	0.82205	1.3001	1.40631
2.23	0.093298	-0.0971711	0.196134	0.821902	1.30403	1.43733
2.24	0.0940274	-0.0990706	0.196383	0.821697	1.30868	1.4686
2.25	0.0948432	-0.104607	0.196711	0.821428	1.31404	1.5
2.26	0.0957338	-0.0947206	0.197124	0.821089	1.3201	1.5314
2.27	0.0966869	-0.0810032	0.197628	0.820675	1.32685	1.56267
2.28	0.0976897	-0.106945	0.198227	0.820183	1.33426	1.59369
2.29	0.0987292	-0.0908905	0.198924	0.819612	1.34232	1.62434
2.3	0.0997921	-0.104358	0.199719	0.818961	1.35101	1.65451
2.31	0.100866	-0.110758	0.200611	0.81823	1.36031	1.68406
2.32	0.101937	-0.105589	0.201597	0.817424	1.37019	1.71289
2.33	0.102995	-0.10788	0.202672	0.816546	1.38062	1.74088
2.34	0.104027	-0.0889379	0.20383	0.815601	1.39157	1.76791
2.35	0.105024	-0.103399	0.205062	0.814596	1.403	1.79389
2.36	0.105975	-0.108887	0.206361	0.813539	1.41488	1.81871
2.37	0.106872	-0.108219	0.207717	0.812437	1.42718	1.84227
2.38	0.107709	-0.104215	0.209117	0.8113	1.43983	1.86448
2.39	0.108478	-0.112349	0.210551	0.810138	1.45281	1.88526
2.4	0.109174	-0.106119	0.212006	0.808959	1.46607	1.90451
2.41	0.109794	-0.111301	0.213471	0.807775	1.47954	1.92216
2.42	0.110334	-0.113121	0.214933	0.806595	1.49319	1.93815
2.43	0.110794	-0.120734	0.21638	0.805429	1.50695	1.95241
2.44	0.111172	-0.0988941	0.2178	0.804286	1.52077	1.96489
2.45	0.11147	-0.120954	0.219182	0.803175	1.5346	1.97553
2.46	0.111688	-0.121612	0.220517	0.802104	1.54836	1.98429
2.47	0.11183	-0.104404	0.221794	0.80108	1.562	1.99114
2.48	0.111899	-0.0980407	0.223005	0.800111	1.57546	1.99606
2.49	0.111899	-0.113476	0.224144	0.7992	1.58867	1.99901
2.5	0.111835	-0.121659	0.225204	0.798353	1.60157	2
2.51	0.111713	-0.107745	0.226181	0.797573	1.61411	1.99901
2.52	0.11154	-0.0675366	0.227072	0.796863	1.62621	1.99606
2.53	0.111321	-0.117607	0.227874	0.796224	1.63783	1.99114
2.54	0.111065	-0.114165	0.228588	0.795656	1.64889	1.98429
2.55	0.110779	-0.118256	0.229213	0.795159	1.65935	1.97553
2.56	0.110471	-0.1197	0.229753	0.79473	1.66916	1.96489
2.57	0.110149	-0.117598	0.230209	0.794367	1.67825	1.95241
2.58	0.109822	-0.119634	0.230587	0.794067	1.68659	1.93815
2.59	0.109497	-0.112171	0.230892	0.793825	1.69413	1.92216
2.6	0.109184	-0.115734	0.23113	0.793636	1.70083	1.90451
2.61	0.108891	-0.115304	0.231309	0.793494	1.70667	1.88526
2.62	0.108625	-0.11244	0.231435	0.793394	1.7116	1.86448
2.63	0.108395	-0.11731	0.231518	0.793328	1.7156	1.84227
2.64	0.108209	-0.114057	0.231566	0.79329	1.71867	1.81871
2.65	0.108074	-0.112841	0.231589	0.793272	1.72077	1.79389
2.66	0.107997	-0.117886	0.231596	0.793266	1.72191	1.76791
2.67	0.107986	-0.112708	0.231597	0.793266	1.72208	1.74088
2.68	0.108045	-0.117984	0.2316	0.793263	1.72128	1.71289
2.69	0.10818	-0.117521	0.231617	0.79325	1.71952	1.68406
2.7	0.108396	-0.117395	0.231654	0.79322	1.71681	1.65451
2.71	0.108698	-0.0141892	0.231722	0.793166	1.71318	1.62434
2.72	0.109087	-0.11499	0.231829	0.793082	1.70863	1.59369
2.73	0.109567	-0.11856	0.231983	0.79296	1.70321	1.56267
2.74	0.110139	-0.0952025	0.23219	0.792796	1.69694	1.5314
2.75	0.110801	-0.112753	0.232457	0.792584	1.68985	1.5
2.76	0.111554	-0.119696	0.23279	0.79232	1.682	1.4686
2.77	0.112394	-0.114063	0.233194	0.792	1.67341	1.43733
2.78	0.113318	-0.0923415	0.233672	0.791622	1.66413	1.40631
2.79	0.114321	-0.124164	0.234227	0.791182	1.65422	1.37566
2.8	0.115395	-0.119013	0.234861	0.79068	1.64372	1.34549
2.81	0.116533	-0.122377	0.235576	0.790116	1.63269	1.31594
2.82	0.117725	-0.123614	0.23637	0.789489	1.62117	1.28711
2.83	0.11896	-0.126178	0.237242	0.7888	1.60923	1.25912
2.84	0.120225	-0.127655	0.238191	0.788052	1.59691	1.23209
2.85	0.121506	-0.0806032	0.239212	0.787248	1.58428	1.20611
2.86	0.122789	-0.132778	0.240301	0.786391	1.57139	1.18129
2.87	0.124057	-0.122449	0.241453	0.785486	1.5583	1.15773
2.88	0.125295	-0.128863	0.242661	0.784537	1.54506	1.13552
2.89	0.126486	-0.13453	0.243918	0.783552	1.53172	1.11474
2.9	0.127612	-0.10905	0.245215	0.782536	1.51835	1.09549
2.91	0.128657	-0.116086	0.246544	0.781497	1.50499	1.07784
2.92	0.129606	-0.138109	0.247896	0.780441	1.49169	1.06185
2.93	0.130444	-0.122251	0.24926	0.779377	1.47851	1.04759
2.94	0.13116	-0.131963	0.250626	0.778313	1.46548	1.03511
2.95	0.131742	-0.129644	0.251984	0.777257	1.45267	1.02447
2.96	0.132182	-0.136395	0.253324	0.776216	1.44011	1.01571
2.97	0.132477	-0.131985	0.254634	0.7752	1.42784	1.00886
2.98	0.132623	-0.133146	0.255906	0.774215	1.41591	1.00394
2.99	0.132623	-0.125808	0.257129	0.773269	1.40435	1.00099
3	0.132482	-0.139483	0.258294	0.772368	1.39321	1
3.01	0.132206	-0.142198	0.259393	0.771519	1.38251	1.00099
3.02	0.131809	-0.13764	0.26042	0.770728	1.37228	1.00394
3.03	0.131303	-0.111895	0.261367	0.769998	1.36257	1.00886
3.04	0.130705	-0.138421	0.262231	0.769333	1.35339	1.01571
3.05	0.130035	-0.0991414	0.263007	0.768736	1.34477	1.02447
3.06	0.129311	-0.137238	0.263694	0.768209	1.33674	1.03511
3.07	0.128555	-0.115969	0.264291	0.76775	1.32932	1.04759
3.08	0.127788	-0.137788	0.264799	0.76736	1.32252	1.06185
3.09	0.127032	-0.134384	0.265221	0.767037	1.31638	1.07784
3.1	0.126306	-0.136064	0.265561	0.766776	1.3109	1.09549
3.11	0.12563	-0.130458	0.265825	0.766573	1.3061	1.11474
3.12	0.125021	-0.130273	0.266021	0.766423	1.30199	1.13552
3.13	0.124496	-0.134496	0.266156	0.766319	1.29859	1.15773
3.14	0.124067	-0.121313	0.266242	0.766254	1.2959	1.18129
3.15	0.123745	-0.102157	0.266288	0.766219	1.29394	1.20611
3.16	0.123539	-0.128234	0.266306	0.766204	1.2927	1.23209
3.17	0.123454	-0.132211	0.26631	0.766202	1.2922	1.25912
3.18	0.123494	-0.0954072	0.266311	0.766201	1.29244	1.28711
3.19	0.12366	-0.111374	0.266323	0.766192	1.29342	1.31594
3.2	0.123949	-0.109384	0.266358	0.766165	1.29513	1.34549
3.21	0.124358	-0.13362	0.26643	0.76611	1.29759	1.37566
3.22	0.124882	-0.133595	0.266549	0.766018	1.30077	1.40631
3.23	0.125511	-0.0919291	0.266728	0.765882	1.30469	1.43733
3.24	0.126237	-0.119725	0.266975	0.765692	1.30933	1.4686
3.25	0.12705	-0.133591	0.267301	0.765443	1.31467	1.5
3.26	0.127938	-0.114038	0.267711	0.765129	1.32072	1.5314
3.27	0.128888	-0.135213	0.268213	0.764745	1.32745	1.56267
3.28	0.129889	-0.13936	0.268809	0.764289	1.33485	1.59369
3.29	0.130926	-0.140867	0.269503	0.763759	1.3429	1.62434
3.3	0.131986	-0.141653	0.270295	0.763154	1.35158	1.65451
3.31	0.133058	-0.143007	0.271184	0.762476	1.36087	1.68406
3.32	0.134127	-0.114525	0.272166	0.761728	1.37073	1.71289
3.33	0.135183	-0.136537	0.273238	0.760912	1.38115	1.74088
3.34	0.136213	-0.124127	0.274392	0.760034	1.39209	1.76791
3.35	0.137208	-0.146636	0.275621	0.759101	1.40351	1.79389
3.36	0.138158	-0.148156	0.276917	0.758118	1.41539	1.81871
3.37	0.139054	-0.146188	0.278268	0.757094	1.42767	1.84227
3.38	0.139889	-0.135385	0.279665	0.756037	1.44032	1.86448
3.39	0.140657	-0.148631	0.281095	0.754956	1.45329	1.88526
3.4	0.141352	-0.147703	0.282547	0.753861	1.46653	1.90451
3.41	0.141971	-0.147054	0.284009	0.75276	1.48	1.92216
3.42	0.142511	-0.148734	0.285467	0.751663	1.49364	1.93815
3.43	0.14297	-0.151541	0.286911	0.750579	1.50739	1.95241
3.44	0.143348	-0.152274	0.288328	0.749516	1.5212	1.96489
3.45	0.143645	-0.152684	0.289707	0.748483	1.53501	1.97553
3.46	0.143864	-0.148484	0.291039	0.747487	1.54877	1.98429
3.47	0.144005	-0.09811	0.292313	0.746535	1.5624	1.99114
3.48	0.144074	-0.154073	0.293522	0.745633	1.57585	1.99606
3.49	0.144074	-0.137824	0.294659	0.744786	1.58905	1.99901
3.5	0.14401	-0.13461	0.295717	0.743998	1.60195	2
3.51	0.143889	-0.153596	0.296692	0.743273	1.61447	1.99901
3.52	0.143715	-0.151567	0.29758	0.742613	1.62657	1.99606
3.53	0.143497	-0.151766	0.298381	0.742019	1.63817	1.99114
3.54	0.143241	-0.130845	0.299093	0.74149	1.64923	1.98429
3.55	0.142956	-0.0959897	0.299717	0.741028	1.65968	1.97553
3.56	0.142648	-0.150038	0.300255	0.740629	1.66948	1.96489
3.57	0.142326	-0.145239	0.300711	0.740292	1.67856	1.95241
3.58	0.142	-0.15015	0.301088	0.740013	1.68689	1.93815
3.59	0.141676	-0.151278	0.301392	0.739788	1.69442	1.92216
3.6	0.141363	-0.147094	0.301629	0.739612	1.70112	1.90451
3.61	0.14107	-0.150791	0.301807	0.739481	1.70694	1.88526
3.62	0.140805	-0.149546	0.301933	0.739388	1.71186	1.86448
3.63	0.140575	-0.137883	0.302015	0.739327	1.71586	1.84227
3.64	0.14039	-0.150193	0.302063	0.739291	1.71892	1.81871
3.65	0.140255	-0.148612	0.302086	0.739274	1.72101	1.79389
3.66	0.140179	-0.148681	0.302093	0.739269	1.72214	1.76791
3.67	0.140168	-0.150165	0.302093	0.739269	1.7223	1.74088
3.68	0.140228	-0.11346	0.302097	0.739266	1.7215	1.71289
3.69	0.140364	-0.128109	0.302113	0.739254	1.71973	1.68406
3.7	0.140581	-0.140874	0.302151	0.739226	1.71702	1.65451
3.71	0.140883	-0.101223	0.30222	0.739176	1.71337	1.62434
3.72	0.141273	-0.130137	0.302327	0.739096	1.70882	1.59369
3.73	0.141753	-0.146942	0.302481	0.738983	1.70339	1.56267
3.74	0.142325	-0.151192	0.302688	0.73883	1.69711	1.5314
3.75	0.142988	-0.152706	0.302956	0.738632	1.69002	1.5
3.76	0.143741	-0.153557	0.303289	0.738386	1.68216	1.4686
3.77	0.144582	-0.149533	0.303693	0.738087	1.67356	1.43733
3.78	0.145506	-0.155305	0.304172	0.737734	1.66428	1.40631
3.79	0.146509	-0.15605	0.304727	0.737324	1.65437	1.37566
3.8	0.147584	-0.155828	0.305362	0.736856	1.64386	1.34549
3.81	0.148723	-0.151682	0.306077	0.73633	1.63282	1.31594
3.82	0.149915	-0.157761	0.306872	0.735745	1.6213	1.28711
3.83	0.15115	-0.144387	0.307745	0.735103	1.60935	1.25912
3.84	0.152415	-0.151118	0.308694	0.734405	1.59703	1.23209
3.85	0.153697	-0.150539	0.309716	0.733655	1.5844	1.20611
3.86	0.15498	-0.164827	0.310806	0.732856	1.5715	1.18129
3.87	0.156248	-0.163878	0.311958	0.732012	1.55841	1.15773
3.88	0.157486	-0.150543	0.313166	0.731128	1.54516	1.13552
3.89	0.158677	-0.165937	0.314424	0.73021	1.53182	1.11474
3.9	0.159803	-0.168619	0.315721	0.729263	1.51844	1.09549
3.91	0.160848	-0.168556	0.317051	0.728294	1.50508	1.07784
3.92	0.161798	-0.164459	0.318403	0.72731	1.49178	1.06185
3.93	0.162636	-0.15215	0.319768	0.726318	1.47859	1.04759
3.94	0.163352	-0.166401	0.321134	0.725326	1.46556	1.03511
3.95	0.163934	-0.172903	0.322493	0.724341	1.45275	1.02447
3.96	0.164374	-0.147534	0.323833	0.723371	1.44018	1.01571
3.97	0.164669	-0.166676	0.325144	0.722424	1.42791	1.00886
3.98	0.164816	-0.17321	0.326415	0.721505	1.41598	1.00394
3.99	0.16484	-0.167965	0.327639	0.720623	1.40442	1.00099
4	0.16484	-0.174342	0.328806	0.719783	1.39326	1
4.01	0.16484	-0.154812	0.329919	0.718982	1.3825	1
4.02	0.16484	-0.17447	0.33098	0.71822	1.3721	1
4.03	0.16484	-0.173843	0.331991	0.717494	1.36207	1
4.04	0.16484	-0.173751	0.332956	0.716802	1.35237	1
4.05	0.16484	-0.17358	0.333876	0.716143	1.343	1
4.06	0.16484	-0.162983	0.334754	0.715514	1.33394	1
4.07	0.16484	-0.174827	0.335592	0.714915	1.32518	1
4.08	0.16484	-0.174249	0.336392	0.714343	1.3167	1
4.09	0.16484	-0.158247	0.337155	0.713798	1.3085	1
4.1	0.16484	-0.174452	0.337884	0.713278	1.30055	1
4.11	0.16484	-0.12087	0.33858	0.712782	1.29286	1
4.12	0.16484	-0.15202	0.339244	0.712308	1.2854	1
4.13	0.16484	-0.16555	0.339879	0.711856	1.27818	1
4.14	0.16484	-0.167081	0.340486	0.711425	1.27118	1
4.15	0.16484	-0.174333	0.341066	0.711012	1.26439	1
4.16	0.16484	-0.166959	0.341619	0.710619	1.2578	1
4.17	0.16484	-0.160492	0.342149	0.710243	1.25141	1
4.18	0.16484	-0.169582	0.342655	0.709883	1.24522	1
4.19	0.16484	-0.172537	0.343139	0.70954	1.2392	1
4.2	0.16484	-0.170789	0.343601	0.709212	1.23336	1
4.21	0.16484	-0.173726	0.344043	0.708898	1.22768	1
4.22	0.16484	-0.168188	0.344466	0.708598	1.22217	1
4.23	0.16484	-0.154094	0.344871	0.708312	1.21682	1
4.24	0.16484	-0.174754	0.345258	0.708038	1.21162	1
4.25	0.16484	-0.143912	0.345628	0.707776	1.20656	1
4.26	0.16484	-0.171601	0.345982	0.707525	1.20165	1
4.27	0.16484	-0.174816	0.346321	0.707285	1.19687	1
4.28	0.16484	-0.17382	0.346645	0.707056	1.19222	1
4.29	0.16484	-0.166283	0.346956	0.706837	1.1877	1
4.3	0.16484	-0.170686	0.347253	0.706627	1.1833	1
4.31	0.16484	-0.173846	0.347537	0.706426	1.17902	1
4.32	0.16484	-0.173947	0.347809	0.706233	1.17486	1
4.33	0.16484	-0.169336	0.34807	0.706049	1.1708	1
4.34	0.16484	-0.174795	0.34832	0.705873	1.16686	1
4.35	0.16484	-0.174781	0.348559	0.705705	1.16302	1
4.36	0.16484	-0.172907	0.348787	0.705543	1.15927	1
4.37	0.16484	-0.166616	0.349006	0.705389	1.15563	1
4.38	0.16484	-0.17043	0.349216	0.705241	1.15208	1
4.39	0.16484	-0.1585	0.349417	0.705099	1.14862	1
4.4	0.16484	-0.171719	0.34961	0.704963	1.14525	1
4.41	0.16484	-0.164863	0.349794	0.704833	1.14196	1
4.42	0.16484	-0.174033	0.349971	0.704709	1.13876	1
4.43	0.16484	-0.172172	0.35014	0.704589	1.13564	1
4.44	0.16484	-0.173867	0.350302	0.704475	1.1326	1
4.45	0.16484	-0.165437	0.350458	0.704366	1.12964	1
4.46	0.16484	-0.174473	0.350607	0.704261	1.12674	1
4.47	0.16484	-0.173392	0.350749	0.70416	1.12392	1
4.48	0.16484	-0.144547	0.350886	0.704064	1.12117	1
4.49	0.16484	-0.163413	0.351017	0.703972	1.11849	1
4.5	0.16484	-0.164829	0.351143	0.703883	1.11587	1
4.51	0.16484	-0.170475	0.351263	0.703798	1.11332	1
4.52	0.16484	-0.160461	0.351379	0.703717	1.11082	1
4.53	0.16484	-0.173941	0.35149	0.703639	1.10839	1
4.54	0.16484	-0.165651	0.351596	0.703565	1.10602	1
4.55	0.16484	-0.174134	0.351697	0.703493	1.1037	1
4.56	0.16484	-0.154745	0.351795	0.703424	1.10144	1
4.57	0.16484	-0.174746	0.351888	0.703359	1.09923	1
4.58	0.16484	-0.120262	0.351978	0.703296	1.09707	1
4.59	0.16484	-0.166521	0.352064	0.703235	1.09497	1
4.6	0.16484	-0.172075	0.352146	0.703177	1.09291	1
4.61	0.16484	-0.174664	0.352226	0.703122	1.09091	1
4.62	0.16484	-0.169847	0.352301	0.703068	1.08895	1
4.63	0.16484	-0.164907	0.352374	0.703017	1.08703	1
4.64	0.16484	-0.157375	0.352444	0.702968	1.08516	1
4.65	0.16484	-0.174515	0.352511	0.702921	1.08334	1
4.66	0.16484	-0.154945	0.352575	0.702876	1.08155	1
4.67	0.16484	-0.159361	0.352636	0.702833	1.07981	1
4.68	0.16484	-0.168866	0.352695	0.702791	1.0781	1
4.69	0.16484	-0.159456	0.352752	0.702751	1.07644	1
4.7	0.16484	-0.174674	0.352806	0.702713	1.07481	1
4.71	0.16484	-0.155651	0.352858	0.702677	1.07322	1
4.72	0.16484	-0.149205	0.352908	0.702642	1.07167	1
4.73	0.16484	-0.133737	0.352956	0.702608	1.07015	1
4.74	0.16484	-0.169689	0.353002	0.702576	1.06867	1
4.75	0.16484	-0.173745	0.353047	0.702545	1.06721	1
4.76	0.16484	-0.174807	0.353089	0.702515	1.0658	1
4.77	0.16484	-0.174432	0.35313	0.702486	1.06441	1
4.78	0.16484	-0.14058	0.353169	0.702459	1.06305	1
4.79	0.16484	-0.162193	0.353206	0.702433	1.06173	1
4.8	0.16484	-0.152924	0.353242	0.702407	1.06043	1
4.81	0.16484	-0.172929	0.353276	0.702383	1.05916	1
4.82	0.16484	-0.172458	0.353309	0.70236	1.05792	1
4.83	0.16484	-0.16546	0.353341	0.702338	1.05671	1
4.84	0.16484	-0.167771	0.353372	0.702316	1.05553	1
4.85	0.16484	-0.174752	0.353401	0.702296	1.05437	1
4.86	0.16484	-0.167817	0.353429	0.702276	1.05323	1
4.87	0.16484	-0.174838	0.353456	0.702257	1.05212	1
4.88	0.16484	-0.169113	0.353482	0.702239	1.05104	1
4.89	0.16484	-0.1747	0.353506	0.702222	1.04998	1
4.9	0.16484	-0.16198	0.35353	0.702205	1.04894	1
4.91	0.16484	-0.157513	0.353553	0.702189	1.04793	1
4.92	0.16484	-0.165265	0.353575	0.702173	1.04693	1
4.93	0.16484	-0.171695	0.353596	0.702159	1.04596	1
4.94	0.16484	-0.174018	0.353616	0.702144	1.04501	1
4.95	0.16484	-0.157912	0.353636	0.702131	1.04408	1
4.96	0.16484	-0.17483	0.353654	0.702118	1.04317	1
4.97	0.16484	-0.174154	0.353672	0.702105	1.04228	1
4.98	0.16484	-0.17397	0.353689	0.702093	1.0414	1
4.99	0.16484	-0.168355	0.353706	0.702082	1.04055	1
